CheckPointVersion_1.0
2
0.20000000000000001
0
0
(0 (0,0)(0.001953125,0.125) 1)
(RealBox 0 1 0 1 )((0,0) (511,7) (0,0))P(0,1) 

0.00044561129280779044 
0.00044561129280779044 
1 
337 
337 
0
(0 (0,0)(0.001953125,0.125) 1)
(RealBox 0 1 0 1 )((0,0) (511,7) (0,0))P(0,1)
(4 0
((0,0) (127,7) (0,0))
((128,0) (255,7) (0,0))
((256,0) (383,7) (0,0))
((384,0) (511,7) (0,0))
)1
((0,0) (511,7) (0,0))
(4 0
((0,0) (127,7) (0,0))
((128,0) (255,7) (0,0))
((256,0) (383,7) (0,0))
((384,0) (511,7) (0,0))
)0.19955438870719222
0.19955438870719222
0.20000000000000001
0.20000000000000001
2
Level_0/SD_0_New_MF
Level_0/SD_0_Old_MF
