1
1
4
0
(4 0
((0,0) (127,7) (0,0))
((128,0) (255,7) (0,0))
((256,0) (383,7) (0,0))
((384,0) (511,7) (0,0))
)
4
FabOnDisk: SD_0_New_MF_D_00000 0
FabOnDisk: SD_0_New_MF_D_00000 32850
FabOnDisk: SD_0_New_MF_D_00000 65702
FabOnDisk: SD_0_New_MF_D_00000 98554

4,4
3.39653432953823775e-01,-4.54371501876923933e-01,0.00000000000000000e+00,8.65378734382333259e-01,
4.25117092677109398e-01,0.00000000000000000e+00,0.00000000000000000e+00,9.38731069985620503e-01,
2.61634642433455633e-01,2.42679222070278644e-01,0.00000000000000000e+00,8.70163045611492381e-01,
4.21358587429672554e-02,2.67617846163560949e-02,0.00000000000000000e+00,8.59842320177077180e-02,

4,4
1.00000000000000000e+00,0.00000000000000000e+00,0.00000000000000000e+00,2.50000000000000000e+00,
1.00000000000000000e+00,3.95556433141953157e-01,0.00000000000000000e+00,2.50000000000000000e+00,
4.26729845325474755e-01,3.95740559658133484e-01,0.00000000000000000e+00,9.41685034369217022e-01,
2.65684518639026312e-01,2.54686781044973165e-01,0.00000000000000000e+00,8.72509688891367929e-01,

