1
1
4
0
(4 0
((0,0) (127,7) (0,0))
((128,0) (255,7) (0,0))
((256,0) (383,7) (0,0))
((384,0) (511,7) (0,0))
)
4
FabOnDisk: SD_0_Old_MF_D_00000 0
FabOnDisk: SD_0_Old_MF_D_00000 32850
FabOnDisk: SD_0_Old_MF_D_00000 65702
FabOnDisk: SD_0_Old_MF_D_00000 98554

4,4
3.41477279033509773e-01,-4.57968157922081287e-01,0.00000000000000000e+00,8.72428054161102251e-01,
4.25123083711725469e-01,0.00000000000000000e+00,0.00000000000000000e+00,9.38751105077618941e-01,
2.61619107809331231e-01,2.42673451616059604e-01,0.00000000000000000e+00,8.70143730338391652e-01,
4.23133024958314841e-02,2.61856087830594948e-02,0.00000000000000000e+00,8.65221849961566175e-02,

4,4
1.00000000000000000e+00,0.00000000000000000e+00,0.00000000000000000e+00,2.50000000000000000e+00,
1.00000000000000000e+00,3.95533602326052836e-01,0.00000000000000000e+00,2.50000000000000000e+00,
4.26717896469795743e-01,3.95745467413880170e-01,0.00000000000000000e+00,9.41667410457947218e-01,
2.65692951975880942e-01,2.54636592487077595e-01,0.00000000000000000e+00,8.72556116598200981e-01,

